22.2705 0
25.3005 0
28.3305 0
31.3605 0
34.3905 0
37.4205 0
40.4505 0
43.4805 0
46.5105 0
49.5405 0
52.5705 0
55.6005 0
58.6305 0
61.6605 0
64.6905 0
67.7205 0
70.7505 0
73.7805 0
76.8105 0
79.8405 0
82.8705 0
85.9005 0
88.9305 14
91.9605 57
94.9905 116
98.0205 260
101.05 318
104.081 492
107.111 486
110.141 426
113.171 529
116.2 567
119.23 510
122.26 426
125.29 369
128.321 359
131.35 392
134.38 389
137.41 416
140.44 343
143.47 311
146.5 367
149.53 351
152.56 427
155.59 471
158.62 363
161.65 414
164.68 517
167.71 404
20.7252 0
23.7552 0
26.7852 0
29.8152 0
32.8452 0
35.8752 0
38.9052 0
41.9352 0
44.9652 0
47.9952 0
51.0252 0
54.0552 0
57.0852 0
60.1152 0
63.1452 0
66.1752 0
69.2052 0
72.2352 0
75.2652 0
78.2952 0
81.3252 0
84.3552 0
87.3852 2
90.4152 28
93.4452 62
96.4752 187
99.5052 238
102.535 264
105.565 440
108.595 716
111.625 505
114.655 288
117.685 408
120.715 507
123.745 571
126.775 511
129.805 440
132.835 286
135.865 315
138.895 373
141.925 444
144.955 435
147.985 453
151.015 526
154.045 534
157.075 515
160.105 421
163.135 451
166.165 308
21.7857 0
24.8157 0
27.8457 0
30.8757 0
33.9057 0
36.9357 0
39.9657 0
42.9957 0
46.0257 0
49.0557 0
52.0857 0
55.1157 0
58.1457 0
61.1757 0
64.2057 0
67.2357 0
70.2657 0
73.2957 0
76.3257 0
79.3557 0
82.3857 0
85.4157 0
88.4457 11
91.4757 73
94.5057 150
97.5357 250
100.566 243
103.596 373
106.626 390
109.656 442
112.686 449
115.716 515
118.746 543
121.776 380
124.806 438
127.836 389
130.866 445
133.896 474
136.926 596
139.956 515
142.986 354
146.016 364
149.046 348
152.076 380
155.106 304
158.136 310
161.166 323
164.196 287
167.226 289
21.9069 0
24.9369 0
27.9669 0
30.9969 0
34.0269 0
37.0569 0
40.0869 0
43.1169 0
46.1469 0
49.1769 0
52.2069 0
55.2369 0
58.2669 0
61.2969 0
64.3269 0
67.3569 0
70.3869 0
73.4169 0
76.4469 0
79.4769 0
82.5069 0
85.5369 0
88.5669 6
91.5969 33
94.6269 109
97.6569 223
100.687 353
103.717 478
106.747 484
109.777 509
112.807 503
115.837 532
118.867 513
121.897 514
124.927 417
127.957 538
130.987 444
134.017 435
137.047 418
140.077 369
143.107 291
146.137 350
149.167 319
152.197 357
155.227 375
158.257 372
161.287 310
164.317 333
167.347 373
22.6644 0
25.6944 0
28.7244 0
31.7544 0
34.7844 0
37.8144 0
40.8444 0
43.8744 0
46.9044 0
49.9344 0
52.9644 0
55.9944 0
59.0244 0
62.0544 0
65.0844 0
68.1144 0
71.1444 0
74.1744 0
77.2044 0
80.2344 0
83.2644 0
86.2944 0
89.3244 8
92.3544 41
95.3844 172
98.4144 372
101.444 426
104.474 498
107.504 480
110.534 479
113.564 316
116.594 336
119.624 489
122.654 481
125.684 613
128.714 428
131.744 368
134.774 287
137.804 399
140.834 360
143.864 332
146.894 310
149.924 383
152.954 454
155.984 383
159.014 338
162.044 296
165.074 302
168.104 435
21.6342 0
24.6642 0
27.6942 0
30.7242 0
33.7542 0
36.7842 0
39.8142 0
42.8442 0
45.8742 0
48.9042 0
51.9342 0
54.9642 0
57.9942 0
61.0242 0
64.0542 0
67.0842 0
70.1142 0
73.1442 0
76.1742 0
79.2042 0
82.2342 0
85.2642 0
88.2942 7
91.3242 48
94.3542 133
97.3842 221
100.414 333
103.444 460
106.474 493
109.504 403
112.534 489
115.564 553
118.594 392
121.624 397
124.654 424
127.684 416
130.714 454
133.744 439
136.774 407
139.804 429
142.834 382
145.864 373
148.894 320
151.924 402
154.954 430
157.984 363
161.014 413
164.044 469
167.074 406
23.1492 0
26.1792 0
29.2092 0
32.2392 0
35.2692 0
38.2992 0
41.3292 0
44.3592 0
47.3892 0
50.4192 0
53.4492 0
56.4792 0
59.5092 0
62.5392 0
65.5692 0
68.5992 0
71.6292 0
74.6592 0
77.6892 0
80.7192 0
83.7492 0
86.7792 0
89.8092 12
92.8392 76
95.8692 210
98.8992 356
101.929 388
104.959 477
107.989 384
111.019 409
114.049 502
117.079 504
120.109 484
123.139 376
126.169 514
129.199 531
132.229 391
135.259 460
138.289 330
141.319 301
144.349 348
147.379 336
150.409 420
153.439 388
156.469 422
159.499 328
162.529 307
165.559 340
168.589 273
21.9069 0
24.9369 0
27.9669 0
30.9969 0
34.0269 0
37.0569 0
40.0869 0
43.1169 0
46.1469 0
49.1769 0
52.2069 0
55.2369 0
58.2669 0
61.2969 0
64.3269 0
67.3569 0
70.3869 0
73.4169 0
76.4469 0
79.4769 0
82.5069 0
85.5369 0
88.5669 3
91.5969 51
94.6269 122
97.6569 200
100.687 335
103.717 416
106.747 405
109.777 466
112.807 559
115.837 409
118.867 555
121.897 438
124.927 336
127.957 286
130.987 285
134.017 311
137.047 426
140.077 466
143.107 548
146.137 576
149.167 415
152.197 438
155.227 440
158.257 334
161.287 276
164.317 304
167.347 315
22.7553 0
25.7853 0
28.8153 0
31.8453 0
34.8753 0
37.9053 0
40.9353 0
43.9653 0
46.9953 0
50.0253 0
53.0553 0
56.0853 0
59.1153 0
62.1453 0
65.1753 0
68.2053 0
71.2353 0
74.2653 0
77.2953 0
80.3253 0
83.3553 0
86.3853 0
89.4153 19
92.4453 78
95.4753 160
98.5053 237
101.535 285
104.565 387
107.595 443
110.625 463
113.655 476
116.685 470
119.715 503
122.745 496
125.775 436
128.805 468
131.835 495
134.865 448
137.895 414
140.925 338
143.955 356
146.985 390
150.015 377
153.045 432
156.075 512
159.105 479
162.135 371
165.165 348
168.195 398
23.0583 0
26.0883 0
29.1183 0
32.1483 0
35.1783 0
38.2083 0
41.2383 0
44.2683 0
47.2983 0
50.3283 0
53.3583 0
56.3883 0
59.4183 0
62.4483 0
65.4783 0
68.5083 0
71.5383 0
74.5683 0
77.5983 0
80.6283 0
83.6583 0
86.6883 2
89.7183 17
92.7483 77
95.7783 225
98.8083 277
101.838 303
104.868 512
107.898 584
110.928 556
113.958 657
116.988 522
120.018 511
123.048 470
126.078 452
129.108 483
132.138 425
135.168 536
138.198 470
141.228 434
144.258 428
147.288 331
150.318 329
153.348 380
156.378 329
159.408 312
162.438 311
165.468 330
168.498 366
22.0281 0
25.0581 0
28.0881 0
31.1181 0
34.1481 0
37.1781 0
40.2081 0
43.2381 0
46.2681 0
49.2981 0
52.3281 0
55.3581 0
58.3881 0
61.4181 0
64.4481 0
67.4781 0
70.5081 0
73.5381 0
76.5681 0
79.5981 0
82.6281 0
85.6581 0
88.6881 9
91.7181 54
94.7481 153
97.7781 225
100.808 361
103.838 358
106.868 472
109.898 688
112.928 485
115.958 517
118.988 460
122.018 346
125.048 336
128.078 394
131.108 483
134.138 449
137.168 313
140.198 324
143.228 381
146.258 312
149.288 344
152.318 393
155.348 331
158.378 360
161.408 297
164.438 390
167.468 446
21.9069 0
24.9369 0
27.9669 0
30.9969 0
34.0269 0
37.0569 0
40.0869 0
43.1169 0
46.1469 0
49.1769 0
52.2069 0
55.2369 0
58.2669 0
61.2969 0
64.3269 0
67.3569 0
70.3869 0
73.4169 0
76.4469 0
79.4769 0
82.5069 0
85.5369 0
88.5669 2
91.5969 50
94.6269 123
97.6569 220
100.687 318
103.717 247
106.747 398
109.777 359
112.807 379
115.837 358
118.867 323
121.897 407
124.927 442
127.957 379
130.987 313
134.017 303
137.047 438
140.077 466
143.107 398
146.137 261
149.167 299
152.197 362
155.227 526
158.257 453
161.287 258
164.317 303
167.347 417
20.7252 0
23.7552 0
26.7852 0
29.8152 0
32.8452 0
35.8752 0
38.9052 0
41.9352 0
44.9652 0
47.9952 0
51.0252 0
54.0552 0
57.0852 0
60.1152 0
63.1452 0
66.1752 0
69.2052 0
72.2352 0
75.2652 0
78.2952 0
81.3252 0
84.3552 0
87.3852 0
90.4152 15
93.4452 70
96.4752 216
99.5052 373
102.535 440
105.565 424
108.595 567
111.625 581
114.655 401
117.685 324
120.715 381
123.745 444
126.775 445
129.805 521
132.835 379
135.865 383
138.895 338
141.925 428
144.955 482
147.985 500
151.015 288
154.045 316
157.075 388
160.105 392
163.135 448
166.165 387
22.6341 0
25.6641 0
28.6941 0
31.7241 0
34.7541 0
37.7841 0
40.8141 0
43.8441 0
46.8741 0
49.9041 0
52.9341 0
55.9641 0
58.9941 0
62.0241 0
65.0541 0
68.0841 0
71.1141 0
74.1441 0
77.1741 0
80.2041 0
83.2341 0
86.2641 1
89.2941 7
92.3241 58
95.3541 140
98.3841 291
101.414 376
104.444 532
107.474 457
110.504 403
113.534 362
116.564 408
119.594 545
122.624 568
125.654 644
128.684 569
131.714 533
134.744 515
137.774 552
140.804 412
143.834 393
146.864 440
149.894 403
152.924 318
155.954 364
158.984 339
162.014 279
165.044 384
168.074 300
21.9372 0
24.9672 0
27.9972 0
31.0272 0
34.0572 0
37.0872 0
40.1172 0
43.1472 0
46.1772 0
49.2072 0
52.2372 0
55.2672 0
58.2972 0
61.3272 0
64.3572 0
67.3872 0
70.4172 0
73.4472 0
76.4772 0
79.5072 0
82.5372 0
85.5672 0
88.5972 19
91.6272 51
94.6572 118
97.6872 273
100.717 344
103.747 447
106.777 395
109.807 408
112.837 446
115.867 424
118.897 425
121.927 410
124.957 402
127.987 565
131.017 556
134.047 518
137.077 524
140.107 397
143.137 423
146.167 353
149.197 434
152.227 418
155.257 379
158.287 403
161.317 425
164.347 357
167.377 289
22.725 0
25.755 0
28.785 0
31.815 0
34.845 0
37.875 0
40.905 0
43.935 0
46.965 0
49.995 0
53.025 0
56.055 0
59.085 0
62.115 0
65.145 0
68.175 0
71.205 0
74.235 0
77.265 0
80.295 0
83.325 0
86.355 1
89.385 28
92.415 92
95.445 197
98.475 298
101.505 382
104.535 442
107.565 488
110.595 426
113.625 369
116.655 424
119.685 441
122.715 307
125.745 274
128.775 391
131.805 383
134.835 364
137.865 351
140.895 356
143.925 372
146.955 373
149.985 355
153.015 412
156.045 386
159.075 321
162.105 414
165.135 337
168.165 323
22.2402 0
25.2702 0
28.3002 0
31.3302 0
34.3602 0
37.3902 0
40.4202 0
43.4502 0
46.4802 0
49.5102 0
52.5402 0
55.5702 0
58.6002 0
61.6302 0
64.6602 0
67.6902 0
70.7202 0
73.7502 0
76.7802 0
79.8102 0
82.8402 0
85.8702 0
88.9002 14
91.9302 65
94.9602 177
97.9902 273
101.02 368
104.05 395
107.08 484
110.11 481
113.14 437
116.17 444
119.2 390
122.23 413
125.26 453
128.29 415
131.32 323
134.35 337
137.38 371
140.41 484
143.44 456
146.47 387
149.5 428
152.53 421
155.56 382
158.59 420
161.62 341
164.65 319
167.68 384
21.7554 0
24.7854 0
27.8154 0
30.8454 0
33.8754 0
36.9054 0
39.9354 0
42.9654 0
45.9954 0
49.0254 0
52.0554 0
55.0854 0
58.1154 0
61.1454 0
64.1754 0
67.2054 0
70.2354 0
73.2654 0
76.2954 0
79.3254 0
82.3554 0
85.3854 0
88.4154 5
91.4454 28
94.4754 83
97.5054 213
100.535 388
103.565 372
106.595 610
109.625 641
112.655 638
115.685 563
118.715 498
121.745 507
124.775 534
127.805 519
130.835 551
133.865 419
136.895 450
139.925 434
142.955 370
145.985 337
149.015 324
152.045 471
155.075 445
158.105 446
161.135 408
164.165 360
167.195 349
22.2099 0
25.2399 0
28.2699 0
31.2999 0
34.3299 0
37.3599 0
40.3899 0
43.4199 0
46.4499 0
49.4799 0
52.5099 0
55.5399 0
58.5699 0
61.5999 0
64.6299 0
67.6599 0
70.6899 0
73.7199 0
76.7499 0
79.7799 0
82.8099 1
85.8399 2
88.8699 23
91.8999 64
94.9299 131
97.9599 228
100.99 333
104.02 396
107.05 497
110.08 677
113.11 556
116.14 451
119.17 461
122.2 485
125.23 425
128.26 435
131.29 353
134.32 373
137.35 316
140.38 330
143.41 324
146.44 341
149.47 436
152.5 308
155.53 291
158.56 340
161.59 275
164.62 343
167.65 304
21.3918 0
24.4218 0
27.4518 0
30.4818 0
33.5118 0
36.5418 0
39.5718 0
42.6018 0
45.6318 0
48.6618 0
51.6918 0
54.7218 0
57.7518 0
60.7818 0
63.8118 0
66.8418 0
69.8718 0
72.9018 0
75.9318 0
78.9618 0
81.9918 0
85.0218 0
88.0518 6
91.0818 41
94.1118 110
97.1418 221
100.172 369
103.202 427
106.232 485
109.262 491
112.292 464
115.322 476
118.352 425
121.382 385
124.412 367
127.442 470
130.472 437
133.502 391
136.532 414
139.562 504
142.592 371
145.622 289
148.652 358
151.682 360
154.712 484
157.742 398
160.772 368
163.802 390
166.832 329
